10100110011000010111101000110011100101011001100001110010110101010000001100010011000111110110011000110010110110011101101100011000011101101000101011001001110101101011011110111010011111110110011001011001111101001110111101100001111010000100010010010000100100011110000010110111011011011100111011011100010110010111011001100101100011000011010001001000101101001011100010101100010010000001010001111111011101101111010101010101011111110000110110110011011000011000011011001111001010110001110110001001100011111010101101011110

1101101010011000111100110001000010000110110011001100110100111000001111111110001001101110000100011000
1000101111101011010111110001011111001011011001100000100100000001011100100100111110010110110100010011
1110001110011101011110000111111100100100100111001011111100011010010010011010000100000111101000110000
1101001110001001011111110101100111101110111000111010001010001111110000001010100010110000000000100101
0000010001110110011010111111110110100100111001001100011011101010011111110011011101001001101101000111
0101011100001110001101000110001010100010101100110100101101001111011100011000011100100000011100000001
0111010110101111100110111011000010110111100010100111011001111000100111110000000101110111011000010010
1100010110011000111010000001110000111100111000000011100111101101111011000001010110111011111100100000
1110010001010100010010001100111010011101111010010011001101110111100110001100111000000001000111001100
0001000100100100111111001100110100110001010100011010110111100100110110010111010101101011001110111001
1000100010011111110001101000011011000110000101100001010000010100100101001101000000001101011000001010
1110100000111111101000111100110001010000111101000010111111010011100000010100001100111101100101011011
0010010001101101100010001111000011010111100011000100010010000101011111000010101100000011001001000111
1110011100101100010111101001001000101101111110101101101111111010001011110111000101000000000000110011
1011110001001011010000111111011110110000000010100100010011000001001000100111000111010010101100110101
1101100110111010001011000001010011000111100010100111001110001000011111100110001011000100010001000101
1101000001100010110010001011110000100001101101010111111001101011011110101001010110101000100000111011
0011000111001110000000100000101001011111110011000011000110001010101000110111100000101100111001100000
1010011111101111011110110110111011110010000111100101111111000000110001000111101101111111001110011110
1101110001101100001111110101101000111011011010000001110100111000100000000000100000001110111101100100
1101000000101000001101101110111110111111001010001101010100101000100101010111101101110110111111010100
0100101101110111101101100110001111001011011011000110001101111011111010011010001100100110100101001011
1001110101111111011100000001111101010111010110110111101111100010010000101000010001100000010100100001
0100111000001100111000110001111001001101101001010100111100100000001101100010111001000100001000000001
1010101000101110000000001110000100011011011001001000111100011011100010110110011000011010001111010111
0010100101000000010100001111011010100000000101011001110100101100110011011101000010111010110111101001
0000101110010111111100011101001001101010000110101010000011101001110000001000011111110000001000101010
1010101000101000111111100011101110011010001111000111110001001100000010011010000000010100110101110000
1000110100110010100101000001111110011000101101011011011100101101001101110111100011100010111001101010
1010110010010011000001111100000000101100101010101010101001111101010000011100101110010110110111111101
0110101011011010010111001001100111001001001011100011101010000110010110001100100110101010101111101101
1010000000111010001101101100000001101110100111010010000101011110000101110110001101000110001001110110
1001110101101001111100110101111111101011101111000011011101101001111110001010010011101000101000110001
0101010010110011110001011010010100000000110101000011011010000011101010100010111110010100011010011110
1011000111111110110000000110101111010001011011111110010000000000010101110011100010111101101111100111
0001001101110101010001110011100001001011001101111001011100110001001100000111011011010111101111001010
0101010000011010111000111001010001110100000110000101011100100001100000101000101011001001000101010101
1010101111111010110011111100011111111110101101011101101001001000011000000100011011001110110111101000
1001100110110000100111001100000110000110101000100001100010010100100010011110000101100000101101000000
0000110011010100000000101010001101100000011110000010111101011000010000101110100001011110111100001011
0001110100100111011110001010001111100100011001010010010111100001000111110111011011111000011101101111
1110011000001101010101010101011100110010000000000111001011101111000110010101010110100111000010111100
0001000100100000000000001110110011011101011111100010111011001101111111000111011101001101111010010111
1001101100011100111110111100110010101001100110010000011111111101101011100011000000100010000101110001
1001101011100100011101010001001110111001101101010100001110111101000111001101000101101110100110000111
1010001111011011110101100011011001011010100110011000001010111110101100110010110111101001100101101101
0011011000111010000000110000000110100110101010100111101100110011111010010010111101011010111001000111
1101101110001000000110111111010001000010111110110101111011011011010100011111100001101101110011011100
1101111111110010110010011110010111101010110010110110111011110011001001011110010100000100000101110111
0001110101101101101100010100101111001110000010001101110111001101010011011111100000101011101101100111
1001111101010000110101100111010011100010001111011111001011001011001110000100110110111000101000100000
1000101001011111100110000001011110111000011010110010011111000010011101011111000111010011011000001000
1100110111001010011011000111111100100010010000101100011011011101001101001100010111000001101010101111
1100011011100100010010010001001101100011100110010011110001011000000110110001011111110111101110000110
0001001101110001100001111111011100011001101101011000100111010110100101011001110110000100000101010100
0010011001001101101011001101111000101111100111101011010100100000011010110000010100110010111010001110
1000001001000101010111111111100001101111000111000000101001001000000001011100101111011110111110110111
0110010111011001100111111011001110001011000100001000011110111010111000101110010000001011011100001000
0100101101100110111010010101101001101110111010000101111110001000001110110011101111001011001011110111
1011011010100000000010000010110010110010110010100110110100110011111111110000101101000101111010101011
0100000111011010011000101001101101010100111100111110000001110011111001110001110001101100101111100101
0110010111001010111001110011010001110111101111110000001001101011110110101000010000001001001110110011
1110011000010111111101110111011011100110001101001010010000101011110011001101111101011111010001100101
0110000011001101010100111010011101101100111011011110001011001001010101101110100111000010111011010100
1111011011101011001011101101000001011101011110010010111100000111010111101001000111000011100011010101
1011001000000011101101110110010011110111010011111010011011101001110111100001001000101111010110000100
1000010100001010011101100111001100111110110001010000111001101000011111010000111010011010000011110101
1101110101101000001110100000001101110000101011000011010110101000101011000000101011010001000100000011
0110100101110111001001101001101110000010000111110010100111110000111100011011010111101000011011111010
1000110000111110101101101111101010110000101011010000100000111010000110011101111001001000100010001001
0010011000011010110101110011110100110000101101001111111000101101000011000111001001010100101101010010
1100111000010001111011011101111011100011001111001110011010110000011111000101011000101001111110100001
0100011111100000000001000000101101000110011111000111001110010001101001101100100110000011101101101110
0100110111011000100101111001000010101010111101100101001001110011010011001110000001100101011010110111
0101010011111001000111111100111100110111101011111010001111011110110110101000100000111011001101011000
0100011111100011101101000100010001101001000101001010110101010001110111101100110110011100101001010101
0111010001011011101111111100000010111011101011100000111010011110010010101111100001010001010000111001
1010100010000111110110101110110100111110000000100101100101000011101001011001001010011111100010001110
0111101010100111101111100111010110110011111110101011100101101110100001101111010101101101011100001001
1010110010011011110101001111001001111101111111100111010111000011000110111100100000011010101010010001
0000100000111001100011011001111101100111010001100001101111100111100000111100100111100111011000010111
0000011100100000010000101110000101110101010101110110110001110110111110001000010110011001100101001100
1011001010010011001001110001001011111101101101011110001101001001100011010111001110111101100010010000
1110001110010011111001110111110000110010010001011101100110011111111011000010001001100000011001011000
0010100111001000000101000111100000101000111111001000001001110110011010001101001101100110011011111011
1010010000001110011011111001111100011010111110111111010011000011011010100100001010001101011101011010
0111100011011110000110011110100111100100000111011100111110011101101011110110100101010010011001101011
1011110010111010100010111011001000000111111010001111100101110010011111010101101001001100010000011011
0010011000000101011011110001011111100111100110111011001010010111111110001010001110110011101011110011
0010000001001001010101111101001110001010100010110110110110101101111101111010011011111100101100100011
1110110100101101001110011011010010111100100001111011010110001011000000110100010000111010000011110111
0011111111011001101110011011101100101011010100001111011011110110111000010111011111111010110101111111
0010100000100100001111101010010001101000001000001001110110011011110010110001111100111100000100100111
1100011101111110110100100001011010010010111110010111111001001100011010010001101010010110111111100011
0000100101011111011101101101011001010000101101110001110110010111100110100011110100001000010110001100
0111100001111011010010011110100100110000110100110110011011100001100110000000001101011110000001111010
0001010100111100010101000000010011010100101001100111100100001110000100111011010010111011101110110100
1101001010111101110101011100000111000101110101101010010010100111000001110101000111111110001001010011
0010011001000101001101010001001001001110110110101010000001001110100000110010101010100011101001010110
1011110100111011101000010110011010110010111100001011010001100000111110010100110010110010000001100110